31130
31136
31142
31149
31155
31162
31168
31174
31181
31187
31194
31200
31207
31213
31219
31226
31232
31239
31245
31251
31258
31264
31271
31277
31284
31290
31296
31303
31309
31316
31322
31328
31335
31341
31348
31354
31360
31367
31373
31380
31386
31393
31399
31405
31412
31418
31425
31431
31437
31444
31450
31457
31463
31469
31476
31482
31489
31495
31502
31508
31514
31521
31527
31534
31540
31546
31553
31559
31566
31572
31578
31585
31591
31598
31604
31611
31617
31623
31630
31636
31643
31649
31655
31662
31668
31675
31681
31687
31694
31700
31707
31713
31720
31726
31732
31739
31745
31752
31758
31764
31771
31777
31784
31790
31797
31803
31809
31816
31822
31829
31835
31841
31848
31854
31861
31867
31873
31880
31886
31893
31899
31906
31912
31918
31925
31931
31938
31944
31950
31957
31963
31970
31976
31982
31989
31995
32002
32008
32015
32021
32027
32034
32040
32047
32053
32059
32066
32072
32079
32085
32091
32098
32104
32111
32117
32124
32130
32136
32143
32149
32156
32162
32168
32175
32181
32188
32194
32200
32207
32213
32220
32226
32233
32239
32245
32252
32258
32265
32271
32277
32284
32290
32297
32303
32310
32316
32322
32329
32335
32342
32348
32354
32361
32367
32374
32380
32386
32393
32399
32406
32412
32419
32425
32431
32438
32444
32451
32457
32463
32470
32476
32483
32489
32495
32502
32508
32515
32521
32528
32534
32540
32547
32553
32560
32566
32572
32579
32585
32592
32598
32604
32611
32617
32624
32630
32637
32643
32649
32656
32662
32669
32675
32681
32688
32694
32701
32707
32713
32720
32726
32733
32739
32746
32752
32758
32765
32771
32778
32784
32790
32797
32803
32810
32816
32823
32829
32835
32842
32848
32855
32861
32867
32874
32880
32887
32893
32899
32906
32912
32919
32925
32932
32938
32944
32951
32957
32964
32970
32976
32983
32989
32996
33002
33008
33015
33021
33028
33034
33041
33047
33053
33060
33066
33073
33079
33085
33092
33098
33105
33111
33117
33124
33130
33137
33143
33150
33156
33162
33169
33175
33182
33188
33194
33201
33207
33214
33220
33226
33233
33239
33246
33252
33259
33265
33271
33278
33284
33291
33297
33303
33310
33316
33323
33329
33336
33342
33348
33355
33361
33368
33374
33380
33387
33393
33400
33406
33412
33419
33425
33432
33438
33445
33451
33457
33464
33470
33477
33483
33489
33496
33502
33509
33515
33521
33528
33534
33541
33547
33554
33560
33566
33573
33579
33586
33592
33598
33605
33611
33618
33624
33630
33637
33643
33650
33656
33663
33669
33675
33682
33688
33695
33701
33707
33714
33720
33727
33733
33739
33746
33752
33759
33765
33772
33778
33784
33791
33797
33804
33810
33816
33823
33829
33836
33842
33849
33855
33861
33868
33874
33881
33887
33893
33900
33906
33913
33919
33925
33932
33938
33945
33951
33958
33964
33970
33977
33983
33990
33996
34002
34009
34015
34022
34028
34034
34041
34047
34054
34060
34067
34073
34079
34086
34092
34099
34105
34111
34118
34124
34131
34137
34143
34150
34156
34163
34169
34176
34182
34188
34195
34201
34208
34214
34220
34227
34233
34240
34246
34252
34259
34265
34272
34278
34285
34291
34297
34304
34310
34317
34323
34329
34336
34342
34349
34355
34362
34368
34374
34381
34387
34394
34400
34406
